1.069000005722045898e+00 -2.635930180549621582e-01 1.261231899261474609e-01
1.066000103950500488e+00 -2.305424213409423828e-01 1.196272671222686768e-01
7.870000600814819336e-01 -1.776579171419143677e-01 -1.671242266893386841e-01
7.980000376701354980e-01 -1.620002985000610352e-01 -1.587318181991577148e-01
9.380000233650207520e-01 -1.655441373586654663e-01 3.935025334358215332e-01
1.066000103950500488e+00 -2.628533244132995605e-01 1.134852766990661621e-01
1.059000015258789062e+00 -2.370532006025314331e-01 1.107061654329299927e-01
9.460000395774841309e-01 -1.669560223817825317e-01 3.859574496746063232e-01
8.070000410079956055e-01 -1.699424833059310913e-01 -1.543224155902862549e-01
7.900000214576721191e-01 -1.064994931221008301e-01 -1.662440299987792969e-01
7.960000634193420410e-01 -9.524481743574142456e-02 -1.613915413618087769e-01
1.059000015258789062e+00 -2.611272335052490234e-01 1.046045050024986267e-01
9.480000734329223633e-01 -1.457583159208297729e-01 3.867734372615814209e-01
7.960000634193420410e-01 -2.038166671991348267e-01 -1.568052172660827637e-01
9.350000619888305664e-01 -1.650146842002868652e-01 3.958354592323303223e-01
9.240000247955322266e-01 -1.980818361043930054e-01 3.947277963161468506e-01
7.920000553131103516e-01 -1.907895356416702271e-01 -1.651438176631927490e-01
8.070000410079956055e-01 -1.638273596763610840e-01 -1.527725160121917725e-01
8.000000119209289551e-01 -1.017855033278465271e-01 -1.575931757688522339e-01
8.070000410079956055e-01 -1.271366328001022339e-01 -1.543224155902862549e-01
9.220000505447387695e-01 -2.046396434307098389e-01 3.938733935356140137e-01
7.920000553131103516e-01 -1.907895356416702271e-01 -1.636227220296859741e-01
1.081000089645385742e+00 -1.518726050853729248e-01 1.254628449678421021e-01
1.077000021934509277e+00 -2.165992110967636108e-01 1.229301393032073975e-01
1.087000012397766113e+00 -1.197681427001953125e-01 1.198962256312370300e-01
9.330000281333923340e-01 -2.212209105491638184e-01 3.752779066562652588e-01
9.460000395774841309e-01 -1.382823884487152100e-01 3.895911872386932373e-01
1.074000000953674316e+00 -2.404108941555023193e-01 1.019607633352279663e-01
8.020000457763671875e-01 -1.324261426925659180e-01 -1.564468592405319214e-01
9.480000734329223633e-01 -1.457583159208297729e-01 3.904148638248443604e-01
1.069000005722045898e+00 -2.554925680160522461e-01 1.179108247160911560e-01
1.069000005722045898e+00 -2.554925680160522461e-01 1.158577352762222290e-01
1.081000089645385742e+00 -1.272984445095062256e-01 1.150821596384048462e-01
1.063000082969665527e+00 -2.621135711669921875e-01 1.009164825081825256e-01
1.055999994277954102e+00 -2.683894336223602295e-01 1.043081730604171753e-01
1.059000015258789062e+00 -2.370532006025314331e-01 1.086722761392593384e-01
7.920000553131103516e-01 -8.876474201679229736e-02 -1.636227220296859741e-01
1.074000000953674316e+00 -2.241342067718505859e-01 1.246504113078117371e-01
1.081000089645385742e+00 -1.928295344114303589e-01 1.254628449678421021e-01
8.040000200271606445e-01 -9.620204567909240723e-02 -1.537487208843231201e-01
1.059000015258789062e+00 -2.691519260406494141e-01 1.127400547266006470e-01
8.000000119209289551e-01 -1.624062955379486084e-01 -1.575931757688522339e-01
9.380000233650207520e-01 -1.513285487890243530e-01 4.007084965705871582e-01
9.430000185966491699e-01 -1.449895352125167847e-01 3.992222845554351807e-01
1.077000021934509277e+00 -2.084381431341171265e-01 1.291355043649673462e-01
8.060000538825988770e-01 -1.758394539356231689e-01 -1.541311889886856079e-01
1.074000000953674316e+00 -1.915808469057083130e-01 1.040234640240669250e-01
7.940000295639038086e-01 -1.912713348865509033e-01 -1.609860360622406006e-01
1.091000080108642578e+00 -1.202088817954063416e-01 1.140514016151428223e-01
7.900000214576721191e-01 -1.603762209415435791e-01 -1.647267788648605347e-01
9.270000457763671875e-01 -2.127738296985626221e-01 3.888878822326660156e-01
9.430000185966491699e-01 -1.807179152965545654e-01 3.811112940311431885e-01
9.430000185966491699e-01 -1.735722422599792480e-01 3.883556723594665527e-01
1.077000021934509277e+00 -1.921159923076629639e-01 1.208616867661476135e-01
8.070000410079956055e-01 -9.656100720167160034e-02 -1.512226164340972900e-01
9.350000619888305664e-01 -1.862698495388031006e-01 3.940397202968597412e-01
1.066000103950500488e+00 -2.305424213409423828e-01 1.175799369812011719e-01
9.350000619888305664e-01 -2.075250148773193359e-01 3.796738386154174805e-01
1.084000110626220703e+00 -1.769364327192306519e-01 1.029101312160491943e-01
1.066000103950500488e+00 -2.386201471090316772e-01 1.032486185431480408e-01
9.330000281333923340e-01 -2.070811092853546143e-01 3.860292732715606689e-01
7.940000295639038086e-01 -1.491550356149673462e-01 -1.640359014272689819e-01
9.300000667572021484e-01 -2.205095887184143066e-01 3.776435256004333496e-01
7.870000600814819336e-01 -1.597672104835510254e-01 -1.671242266893386841e-01
7.870000600814819336e-01 -1.597672104835510254e-01 -1.671242266893386841e-01
8.040000200271606445e-01 -1.510335505008697510e-01 -1.552928686141967773e-01
8.000000119209289551e-01 -1.260338276624679565e-01 -1.575931757688522339e-01
9.380000233650207520e-01 -1.868674904108047485e-01 3.826935291290283203e-01
7.920000553131103516e-01 -1.907895356416702271e-01 -1.651438176631927490e-01
9.220000505447387695e-01 -2.116261869668960571e-01 3.921026289463043213e-01
9.480000734329223633e-01 -1.529418677091598511e-01 3.831320405006408691e-01
9.430000185966491699e-01 -1.378438621759414673e-01 3.992222845554351807e-01
9.430000185966491699e-01 -1.449895352125167847e-01 3.992222845554351807e-01
9.460000395774841309e-01 -1.741244345903396606e-01 3.823237419128417969e-01
9.460000395774841309e-01 -1.669560223817825317e-01 3.877743184566497803e-01
1.094000101089477539e+00 -1.205394268035888672e-01 1.122639104723930359e-01
1.063000082969665527e+00 -2.218386232852935791e-01 1.049996167421340942e-01
9.460000395774841309e-01 -1.669560223817825317e-01 3.859574496746063232e-01
1.084000110626220703e+00 -1.522940844297409058e-01 1.049920320510864258e-01
1.069000005722045898e+00 -2.068898528814315796e-01 1.179108247160911560e-01
9.330000281333923340e-01 -2.141510099172592163e-01 3.842373788356781006e-01
1.074000000953674316e+00 -1.834425032138824463e-01 1.163996309041976929e-01
9.430000185966491699e-01 -1.735722422599792480e-01 3.901667892932891846e-01
9.460000395774841309e-01 -1.167771592736244202e-01 3.968586325645446777e-01
1.069000005722045898e+00 -2.473921179771423340e-01 1.281762868165969849e-01
9.350000619888305664e-01 -1.720997393131256104e-01 3.958354592323303223e-01
1.063000082969665527e+00 -2.540585696697235107e-01 1.029580533504486084e-01
8.040000200271606445e-01 -1.388487815856933594e-01 -1.552928686141967773e-01
1.084000110626220703e+00 -1.194376051425933838e-01 1.299748420715332031e-01
9.460000395774841309e-01 -1.669560223817825317e-01 3.823237419128417969e-01
1.084000110626220703e+00 -1.687223166227340698e-01 1.049920320510864258e-01
9.240000247955322266e-01 -1.980818361043930054e-01 3.929531872272491455e-01
8.020000457763671875e-01 -1.385033875703811646e-01 -1.579871624708175659e-01
7.940000295639038086e-01 -1.672048717737197876e-01 -1.625109612941741943e-01
8.020000457763671875e-01 -1.688895523548126221e-01 -1.564468592405319214e-01
1.063000082969665527e+00 -2.621135711669921875e-01 1.090827584266662598e-01
1.074000000953674316e+00 -1.834425032138824463e-01 1.060861572623252869e-01
9.380000233650207520e-01 -1.868674904108047485e-01 3.917010128498077393e-01
7.920000553131103516e-01 -8.876474201679229736e-02 -1.636227220296859741e-01
1.074000000953674316e+00 -1.915808469057083130e-01 1.184623241424560547e-01
1.081000089645385742e+00 -2.010209113359451294e-01 1.026253253221511841e-01
1.084000110626220703e+00 -1.769364327192306519e-01 1.049920320510864258e-01
1.066000103950500488e+00 -2.547755837440490723e-01 1.114379465579986572e-01
8.000000119209289551e-01 -1.624062955379486084e-01 -1.575931757688522339e-01
1.074000000953674316e+00 -1.915808469057083130e-01 1.081488505005836487e-01
7.920000553131103516e-01 -1.067691147327423096e-01 -1.636227220296859741e-01
1.077000021934509277e+00 -1.431495398283004761e-01 1.187932267785072327e-01
1.077000021934509277e+00 -2.084381431341171265e-01 1.022455766797065735e-01
9.380000233650207520e-01 -1.726519167423248291e-01 3.935025334358215332e-01
1.077000021934509277e+00 -2.165992110967636108e-01 1.270670592784881592e-01
7.960000634193420410e-01 -1.615942865610122681e-01 -1.598627716302871704e-01
1.066000103950500488e+00 -1.336097717285156250e-01 1.134852766990661621e-01
9.480000734329223633e-01 -1.026569232344627380e-01 3.995183706283569336e-01
8.060000538825988770e-01 -1.697319000959396362e-01 -1.556791663169860840e-01
8.040000200271606445e-01 -9.620204567909240723e-02 -1.552928686141967773e-01
9.510000348091125488e-01 -1.318069696426391602e-01 3.916503190994262695e-01
1.063000082969665527e+00 -2.621135711669921875e-01 1.029580533504486084e-01
9.430000185966491699e-01 -1.735722422599792480e-01 3.883556723594665527e-01
7.980000376701354980e-01 -8.943719416856765747e-02 -1.602644324302673340e-01
1.077000021934509277e+00 -1.431495398283004761e-01 1.125878542661666870e-01
1.069000005722045898e+00 -2.311912178993225098e-01 1.220170110464096069e-01
9.570000171661376953e-01 -1.108832657337188721e-01 3.886073231697082520e-01
9.570000171661376953e-01 -1.108832657337188721e-01 3.849313557147979736e-01
7.940000295639038086e-01 -1.250885725021362305e-01 -1.625109612941741943e-01
1.081000089645385742e+00 -1.764467507600784302e-01 1.088537424802780151e-01
8.020000457763671875e-01 -1.141944453120231628e-01 -1.549065709114074707e-01
7.920000553131103516e-01 -1.367764174938201904e-01 -1.666649132966995239e-01
8.040000200271606445e-01 -1.083868220448493958e-01 -1.552928686141967773e-01
9.480000734329223633e-01 -1.313911825418472290e-01 3.922355473041534424e-01
7.940000295639038086e-01 -1.190719604492187500e-01 -1.640359014272689819e-01
9.430000185966491699e-01 -1.664265692234039307e-01 3.901667892932891846e-01
8.090000152587890625e-01 -1.335819810628890991e-01 -1.515973806381225586e-01
7.980000376701354980e-01 -9.548412263393402100e-02 -1.602644324302673340e-01
7.880000472068786621e-01 -1.002587303519248962e-01 -1.673365682363510132e-01
7.960000634193420410e-01 -1.615942865610122681e-01 -1.598627716302871704e-01
8.000000119209289551e-01 -1.684683859348297119e-01 -1.575931757688522339e-01
1.069000005722045898e+00 -2.635930180549621582e-01 1.220170110464096069e-01
9.540000557899475098e-01 -1.033066436648368835e-01 3.928858339786529541e-01
7.960000634193420410e-01 -1.495307385921478271e-01 -1.613915413618087769e-01
1.081000089645385742e+00 -1.436812132596969604e-01 1.254628449678421021e-01
9.350000619888305664e-01 -1.791847944259643555e-01 3.976311981678009033e-01
9.240000247955322266e-01 -2.050835341215133667e-01 3.929531872272491455e-01
1.059000015258789062e+00 -2.210038453340530396e-01 1.086722761392593384e-01
1.055999994277954102e+00 -2.683894336223602295e-01 1.043081730604171753e-01
9.170000553131103516e-01 -2.313245087862014771e-01 3.917374312877655029e-01
9.190000295639038086e-01 -2.318290323019027710e-01 3.855317831039428711e-01
1.074000000953674316e+00 -1.915808469057083130e-01 1.081488505005836487e-01
1.069000005722045898e+00 -2.635930180549621582e-01 1.240701004862785339e-01
8.000000119209289551e-01 -1.805925369262695312e-01 -1.575931757688522339e-01
8.060000538825988770e-01 -9.644135832786560059e-02 -1.525832116603851318e-01
9.220000505447387695e-01 -2.186127305030822754e-01 3.903318643569946289e-01
8.020000457763671875e-01 -8.988550305366516113e-02 -1.579871624708175659e-01
8.070000410079956055e-01 -1.271366328001022339e-01 -1.543224155902862549e-01
8.000000119209289551e-01 -1.320959031581878662e-01 -1.575931757688522339e-01
1.091000080108642578e+00 -1.284760385751724243e-01 1.056700199842453003e-01
7.880000472068786621e-01 -1.838548034429550171e-01 -1.658231616020202637e-01
7.900000214576721191e-01 -1.184720993041992188e-01 -1.662440299987792969e-01
1.091000080108642578e+00 -1.284760385751724243e-01 1.035746783018112183e-01
1.077000021934509277e+00 -1.513106226921081543e-01 1.167247667908668518e-01
1.084000110626220703e+00 -1.358658373355865479e-01 1.299748420715332031e-01
9.330000281333923340e-01 -2.000112086534500122e-01 3.914049565792083740e-01
1.077000021934509277e+00 -1.431495398283004761e-01 1.125878542661666870e-01
8.060000538825988770e-01 -1.330866366624832153e-01 -1.541311889886856079e-01
9.430000185966491699e-01 -1.449895352125167847e-01 4.028444886207580566e-01
9.510000348091125488e-01 -1.390132606029510498e-01 3.843444585800170898e-01
8.070000410079956055e-01 -1.210215017199516296e-01 -1.512226164340972900e-01
1.055999994277954102e+00 -2.683894336223602295e-01 1.103925481438636780e-01
9.330000281333923340e-01 -2.000112086534500122e-01 3.878211677074432373e-01
9.410000443458557129e-01 -1.375515162944793701e-01 4.019900858402252197e-01
1.074000000953674316e+00 -1.834425032138824463e-01 1.122742369771003723e-01
9.460000395774841309e-01 -1.669560223817825317e-01 3.823237419128417969e-01
9.510000348091125488e-01 -1.318069696426391602e-01 3.916503190994262695e-01
9.480000734329223633e-01 -1.529418677091598511e-01 3.849527537822723389e-01
9.350000619888305664e-01 -2.004399597644805908e-01 3.868567943572998047e-01
1.074000000953674316e+00 -2.729642689228057861e-01 1.246504113078117371e-01
9.240000247955322266e-01 -2.120852321386337280e-01 3.911785781383514404e-01
9.350000619888305664e-01 -2.004399597644805908e-01 3.814695775508880615e-01
9.430000185966491699e-01 -1.664265692234039307e-01 3.901667892932891846e-01
1.059000015258789062e+00 -2.210038453340530396e-01 1.107061654329299927e-01
9.430000185966491699e-01 -1.092611551284790039e-01 4.028444886207580566e-01
8.070000410079956055e-01 -1.760576069355010986e-01 -1.512226164340972900e-01
7.900000214576721191e-01 -1.184720993041992188e-01 -1.677612811326980591e-01
1.084000110626220703e+00 -1.605082005262374878e-01 1.049920320510864258e-01
8.040000200271606445e-01 -1.327563822269439697e-01 -1.552928686141967773e-01
9.190000295639038086e-01 -2.179014086723327637e-01 3.925918042659759521e-01
1.084000110626220703e+00 -1.522940844297409058e-01 1.049920320510864258e-01
9.350000619888305664e-01 -2.075250148773193359e-01 3.778781294822692871e-01
1.081000089645385742e+00 -1.518726050853729248e-01 1.067776009440422058e-01
9.170000553131103516e-01 -2.313245087862014771e-01 3.917374312877655029e-01
7.940000295639038086e-01 -2.033045589923858643e-01 -1.640359014272689819e-01
1.081000089645385742e+00 -1.272984445095062256e-01 1.233867108821868896e-01
8.070000410079956055e-01 -1.699424833059310913e-01 -1.527725160121917725e-01
8.060000538825988770e-01 -1.086564511060714722e-01 -1.541311889886856079e-01
1.066000103950500488e+00 -2.547755837440490723e-01 1.134852766990661621e-01
1.059000015258789062e+00 -2.210038453340530396e-01 1.066383942961692810e-01
7.880000472068786621e-01 -1.659413576126098633e-01 -1.673365682363510132e-01
7.960000634193420410e-01 -1.857213526964187622e-01 -1.583340018987655640e-01
9.350000619888305664e-01 -2.075250148773193359e-01 3.850610554218292236e-01
7.880000472068786621e-01 -1.898259520530700684e-01 -1.673365682363510132e-01
9.430000185966491699e-01 -1.306981742382049561e-01 3.992222845554351807e-01
7.960000634193420410e-01 -8.318127691745758057e-02 -1.568052172660827637e-01
1.063000082969665527e+00 -2.460035979747772217e-01 1.049996167421340942e-01
9.540000557899475098e-01 -1.322227716445922852e-01 3.892213702201843262e-01
7.940000295639038086e-01 -1.551716476678848267e-01 -1.609860360622406006e-01
9.430000185966491699e-01 -1.378438621759414673e-01 3.974111676216125488e-01
1.077000021934509277e+00 -1.431495398283004761e-01 1.187932267785072327e-01
1.084000110626220703e+00 -1.358658373355865479e-01 1.299748420715332031e-01
7.980000376701354980e-01 -1.136248931288719177e-01 -1.587318181991577148e-01
8.000000119209289551e-01 -1.745304614305496216e-01 -1.575931757688522339e-01
9.380000233650207520e-01 -1.655441373586654663e-01 3.953040242195129395e-01
9.430000185966491699e-01 -1.306981742382049561e-01 4.010333716869354248e-01
9.480000734329223633e-01 -1.457583159208297729e-01 3.904148638248443604e-01
8.070000410079956055e-01 -1.577122360467910767e-01 -1.512226164340972900e-01
1.059000015258789062e+00 -2.290285229682922363e-01 1.086722761392593384e-01
1.074000000953674316e+00 -1.834425032138824463e-01 1.122742369771003723e-01
9.380000233650207520e-01 -1.939752846956253052e-01 3.844950497150421143e-01
1.084000110626220703e+00 -1.933646798133850098e-01 1.299748420715332031e-01
8.040000200271606445e-01 -1.632183343172073364e-01 -1.552928686141967773e-01
9.460000395774841309e-01 -1.096087545156478882e-01 3.986754715442657471e-01
1.059000015258789062e+00 -2.210038453340530396e-01 1.107061654329299927e-01
9.330000281333923340e-01 -1.929413080215454102e-01 3.949887454509735107e-01
8.000000119209289551e-01 -2.048408538103103638e-01 -1.545202583074569702e-01
1.069000005722045898e+00 -2.149903029203414917e-01 1.035391837358474731e-01
1.087000012397766113e+00 -1.527155488729476929e-01 1.031949296593666077e-01
1.077000021934509277e+00 -1.757938414812088013e-01 1.146563142538070679e-01
7.920000553131103516e-01 -1.007676571607589722e-01 -1.651438176631927490e-01
1.077000021934509277e+00 -1.513106226921081543e-01 1.146563142538070679e-01
9.570000171661376953e-01 -1.036315038800239563e-01 3.867693543434143066e-01
8.060000538825988770e-01 -9.033381193876266479e-02 -1.541311889886856079e-01
1.081000089645385742e+00 -1.600639820098876953e-01 1.150821596384048462e-01
9.240000247955322266e-01 -2.120852321386337280e-01 3.911785781383514404e-01
9.510000348091125488e-01 -1.462195664644241333e-01 3.843444585800170898e-01
7.980000376701354980e-01 -1.801410615444183350e-01 -1.587318181991577148e-01
1.066000103950500488e+00 -1.336097717285156250e-01 1.134852766990661621e-01
1.087000012397766113e+00 -1.444786936044692993e-01 1.052825897932052612e-01
7.940000295639038086e-01 -1.852547079324722290e-01 -1.609860360622406006e-01
9.350000619888305664e-01 -1.720997393131256104e-01 3.976311981678009033e-01
9.430000185966491699e-01 -1.521352082490921021e-01 3.956000804901123047e-01
9.430000185966491699e-01 -1.807179152965545654e-01 3.811112940311431885e-01
1.081000089645385742e+00 -1.436812132596969604e-01 1.254628449678421021e-01
8.070000410079956055e-01 -1.026761308312416077e-01 -1.512226164340972900e-01
9.430000185966491699e-01 -1.735722422599792480e-01 3.865445852279663086e-01
8.000000119209289551e-01 -1.502821445465087891e-01 -1.575931757688522339e-01
1.074000000953674316e+00 -2.648259103298187256e-01 1.287758052349090576e-01
8.020000457763671875e-01 -1.020399779081344604e-01 -1.549065709114074707e-01
9.410000443458557129e-01 -1.803346425294876099e-01 3.839175105094909668e-01
1.066000103950500488e+00 -2.305424213409423828e-01 1.196272671222686768e-01
9.430000185966491699e-01 -1.164068281650543213e-01 4.010333716869354248e-01
9.510000348091125488e-01 -1.029817834496498108e-01 3.971297144889831543e-01
1.077000021934509277e+00 -2.165992110967636108e-01 1.270670592784881592e-01
1.077000021934509277e+00 -1.676327735185623169e-01 1.229301393032073975e-01
8.040000200271606445e-01 -1.814955025911331177e-01 -1.537487208843231201e-01
9.380000233650207520e-01 -1.726519167423248291e-01 3.917010128498077393e-01
1.055999994277954102e+00 -2.683894336223602295e-01 1.022800505161285400e-01
8.020000457763671875e-01 -1.020399779081344604e-01 -1.564468592405319214e-01
7.900000214576721191e-01 -1.304447054862976074e-01 -1.677612811326980591e-01
7.940000295639038086e-01 -1.250885725021362305e-01 -1.609860360622406006e-01
7.940000295639038086e-01 -1.912713348865509033e-01 -1.609860360622406006e-01
9.190000295639038086e-01 -2.179014086723327637e-01 3.925918042659759521e-01
7.880000472068786621e-01 -1.659413576126098633e-01 -1.658231616020202637e-01
7.960000634193420410e-01 -1.977849006652832031e-01 -1.583340018987655640e-01
1.069000005722045898e+00 -2.473921179771423340e-01 1.261231899261474609e-01
7.880000472068786621e-01 -1.062298789620399475e-01 -1.673365682363510132e-01
8.040000200271606445e-01 -1.875879019498825073e-01 -1.537487208843231201e-01
1.066000103950500488e+00 -2.224647104740142822e-01 1.012012884020805359e-01
1.066000103950500488e+00 -1.336097717285156250e-01 1.134852766990661621e-01
9.380000233650207520e-01 -1.939752846956253052e-01 3.790905475616455078e-01
9.190000295639038086e-01 -2.318290323019027710e-01 3.890618085861206055e-01
1.084000110626220703e+00 -1.769364327192306519e-01 1.049920320510864258e-01
1.077000021934509277e+00 -1.349884718656539917e-01 1.187932267785072327e-01
7.980000376701354980e-01 -1.559533625841140747e-01 -1.587318181991577148e-01
8.000000119209289551e-01 -1.320959031581878662e-01 -1.591296344995498657e-01
1.087000012397766113e+00 -1.527155488729476929e-01 1.031949296593666077e-01
1.081000089645385742e+00 -1.436812132596969604e-01 1.254628449678421021e-01
8.020000457763671875e-01 -1.810440272092819214e-01 -1.549065709114074707e-01
8.060000538825988770e-01 -9.033381193876266479e-02 -1.541311889886856079e-01
1.081000089645385742e+00 -1.600639820098876953e-01 1.130060181021690369e-01
7.940000295639038086e-01 -1.551716476678848267e-01 -1.609860360622406006e-01
1.081000089645385742e+00 -1.928295344114303589e-01 1.233867108821868896e-01
7.940000295639038086e-01 -1.010221168398857117e-01 -1.640359014272689819e-01
7.900000214576721191e-01 -9.452688694000244141e-02 -1.662440299987792969e-01
9.330000281333923340e-01 -2.000112086534500122e-01 3.896130621433258057e-01
9.350000619888305664e-01 -2.004399597644805908e-01 3.760823905467987061e-01
7.980000376701354980e-01 -8.339027315378189087e-02 -1.587318181991577148e-01
7.980000376701354980e-01 -9.548412263393402100e-02 -1.602644324302673340e-01
1.069000005722045898e+00 -2.068898528814315796e-01 1.220170110464096069e-01
7.980000376701354980e-01 -1.438595205545425415e-01 -1.602644324302673340e-01
9.380000233650207520e-01 -1.868674904108047485e-01 3.880980312824249268e-01
7.940000295639038086e-01 -1.912713348865509033e-01 -1.609860360622406006e-01
9.460000395774841309e-01 -1.669560223817825317e-01 3.841405808925628662e-01
8.060000538825988770e-01 -1.636243611574172974e-01 -1.541311889886856079e-01
9.540000557899475098e-01 -1.177647039294242859e-01 3.892213702201843262e-01
8.070000410079956055e-01 -1.515971124172210693e-01 -1.512226164340972900e-01
1.077000021934509277e+00 -1.513106226921081543e-01 1.084509417414665222e-01
7.980000376701354980e-01 -2.043287605047225952e-01 -1.556665748357772827e-01
7.900000214576721191e-01 -1.903077363967895508e-01 -1.662440299987792969e-01
9.350000619888305664e-01 -1.720997393131256104e-01 3.994269371032714844e-01
8.060000538825988770e-01 -1.147639974951744080e-01 -1.510352194309234619e-01
9.190000295639038086e-01 -2.318290323019027710e-01 3.908268213272094727e-01
1.084000110626220703e+00 -1.276517212390899658e-01 1.299748420715332031e-01
7.880000472068786621e-01 -1.539990603923797607e-01 -1.673365682363510132e-01
7.940000295639038086e-01 -1.852547079324722290e-01 -1.594610959291458130e-01
9.240000247955322266e-01 -2.190869450569152832e-01 3.876293599605560303e-01
1.069000005722045898e+00 -2.635930180549621582e-01 1.179108247160911560e-01
7.900000214576721191e-01 -8.854058384895324707e-02 -1.677612811326980591e-01
1.084000110626220703e+00 -1.769364327192306519e-01 1.049920320510864258e-01
8.040000200271606445e-01 -1.571259498596191406e-01 -1.537487208843231201e-01
7.940000295639038086e-01 -1.852547079324722290e-01 -1.609860360622406006e-01
9.330000281333923340e-01 -2.070811092853546143e-01 3.878211677074432373e-01
7.960000634193420410e-01 -1.977849006652832031e-01 -1.598627716302871704e-01
8.060000538825988770e-01 -1.025489047169685364e-01 -1.525832116603851318e-01
9.460000395774841309e-01 -1.382823884487152100e-01 3.895911872386932373e-01
9.540000557899475098e-01 -1.033066436648368835e-01 3.947180509567260742e-01
7.900000214576721191e-01 -1.244584023952484131e-01 -1.677612811326980591e-01
1.074000000953674316e+00 -1.997191905975341797e-01 1.081488505005836487e-01
1.063000082969665527e+00 -2.460035979747772217e-01 1.111243292689323425e-01
1.066000103950500488e+00 -2.305424213409423828e-01 1.032486185431480408e-01
1.077000021934509277e+00 -1.349884718656539917e-01 1.229301393032073975e-01
1.066000103950500488e+00 -2.305424213409423828e-01 1.175799369812011719e-01
7.900000214576721191e-01 -1.304447054862976074e-01 -1.677612811326980591e-01
8.020000457763671875e-01 -1.871212571859359741e-01 -1.549065709114074707e-01
1.077000021934509277e+00 -1.839549243450164795e-01 1.187932267785072327e-01
7.980000376701354980e-01 -1.317656636238098145e-01 -1.602644324302673340e-01
9.270000457763671875e-01 -1.987249553203582764e-01 3.924486339092254639e-01
1.074000000953674316e+00 -1.997191905975341797e-01 1.081488505005836487e-01
8.060000538825988770e-01 -9.033381193876266479e-02 -1.510352194309234619e-01
9.350000619888305664e-01 -1.933549046516418457e-01 3.922440111637115479e-01
1.081000089645385742e+00 -2.010209113359451294e-01 1.047014594078063965e-01
9.480000734329223633e-01 -1.457583159208297729e-01 3.849527537822723389e-01
7.920000553131103516e-01 -1.847880780696868896e-01 -1.621016263961791992e-01
9.240000247955322266e-01 -2.260886430740356445e-01 3.823055326938629150e-01
8.000000119209289551e-01 -1.017855033278465271e-01 -1.575931757688522339e-01
1.066000103950500488e+00 -2.547755837440490723e-01 1.114379465579986572e-01
9.430000185966491699e-01 -1.164068281650543213e-01 4.028444886207580566e-01
9.350000619888305664e-01 -1.933549046516418457e-01 3.904482722282409668e-01
1.087000012397766113e+00 -1.444786936044692993e-01 1.303345412015914917e-01
9.510000348091125488e-01 -1.462195664644241333e-01 3.825179934501647949e-01
7.920000553131103516e-01 -1.967910081148147583e-01 -1.636227220296859741e-01
9.570000171661376953e-01 -1.108832657337188721e-01 3.867693543434143066e-01
9.540000557899475098e-01 -1.105356737971305847e-01 3.947180509567260742e-01
9.350000619888305664e-01 -2.004399597644805908e-01 3.814695775508880615e-01
7.920000553131103516e-01 -1.967910081148147583e-01 -1.621016263961791992e-01
9.460000395774841309e-01 -1.382823884487152100e-01 3.914080262184143066e-01
9.330000281333923340e-01 -1.929413080215454102e-01 3.949887454509735107e-01
1.066000103950500488e+00 -2.547755837440490723e-01 1.012012884020805359e-01
1.074000000953674316e+00 -2.729642689228057861e-01 1.225877106189727783e-01
9.350000619888305664e-01 -1.933549046516418457e-01 3.886525332927703857e-01
1.077000021934509277e+00 -1.513106226921081543e-01 1.208616867661476135e-01
1.081000089645385742e+00 -1.846381425857543945e-01 1.026253253221511841e-01
1.059000015258789062e+00 -2.370532006025314331e-01 1.127400547266006470e-01
9.510000348091125488e-01 -1.029817834496498108e-01 3.971297144889831543e-01
1.077000021934509277e+00 -2.165992110967636108e-01 1.249985992908477783e-01
8.060000538825988770e-01 -1.941620856523513794e-01 -1.525832116603851318e-01
9.350000619888305664e-01 -2.075250148773193359e-01 3.814695775508880615e-01
9.240000247955322266e-01 -2.330903410911560059e-01 3.823055326938629150e-01
1.077000021934509277e+00 -1.513106226921081543e-01 1.167247667908668518e-01
1.059000015258789062e+00 -2.290285229682922363e-01 1.066383942961692810e-01
1.069000005722045898e+00 -2.554925680160522461e-01 1.179108247160911560e-01
1.063000082969665527e+00 -2.540585696697235107e-01 1.049996167421340942e-01
1.069000005722045898e+00 -2.392916679382324219e-01 1.261231899261474609e-01
8.040000200271606445e-01 -1.266639977693557739e-01 -1.552928686141967773e-01
8.060000538825988770e-01 -9.644135832786560059e-02 -1.525832116603851318e-01
8.060000538825988770e-01 -2.063771784305572510e-01 -1.525832116603851318e-01
8.090000152587890625e-01 -1.274517029523849487e-01 -1.515973806381225586e-01
1.063000082969665527e+00 -2.460035979747772217e-01 1.029580533504486084e-01
9.480000734329223633e-01 -1.242076158523559570e-01 3.922355473041534424e-01
9.380000233650207520e-01 -1.797597110271453857e-01 3.862965404987335205e-01
8.020000457763671875e-01 -1.445806175470352173e-01 -1.579871624708175659e-01
9.570000171661376953e-01 -1.108832657337188721e-01 3.867693543434143066e-01
9.240000247955322266e-01 -2.120852321386337280e-01 3.894039690494537354e-01
1.074000000953674316e+00 -1.427507996559143066e-01 1.163996309041976929e-01
9.540000557899475098e-01 -1.105356737971305847e-01 3.928858339786529541e-01
9.480000734329223633e-01 -1.457583159208297729e-01 3.904148638248443604e-01
8.000000119209289551e-01 -1.745304614305496216e-01 -1.575931757688522339e-01
9.410000443458557129e-01 -1.803346425294876099e-01 3.821102678775787354e-01
1.077000021934509277e+00 -1.513106226921081543e-01 1.105194017291069031e-01
1.084000110626220703e+00 -1.769364327192306519e-01 1.029101312160491943e-01
9.540000557899475098e-01 -1.033066436648368835e-01 3.928858339786529541e-01
9.270000457763671875e-01 -2.338471412658691406e-01 3.746449351310729980e-01
9.460000395774841309e-01 -1.239455714821815491e-01 3.950417637825012207e-01
1.074000000953674316e+00 -1.346124559640884399e-01 1.163996309041976929e-01
9.480000734329223633e-01 -1.601254343986511230e-01 3.813113272190093994e-01
7.960000634193420410e-01 -1.857213526964187622e-01 -1.583340018987655640e-01
9.190000295639038086e-01 -2.318290323019027710e-01 3.890618085861206055e-01
1.063000082969665527e+00 -2.701685726642608643e-01 1.152074635028839111e-01
9.460000395774841309e-01 -1.167771592736244202e-01 3.950417637825012207e-01
7.880000472068786621e-01 -1.599702090024948120e-01 -1.658231616020202637e-01
9.570000171661376953e-01 -1.036315038800239563e-01 3.849313557147979736e-01
9.430000185966491699e-01 -1.378438621759414673e-01 3.937889933586120605e-01
1.077000021934509277e+00 -2.165992110967636108e-01 1.249985992908477783e-01
9.380000233650207520e-01 -1.726519167423248291e-01 3.953040242195129395e-01
9.380000233650207520e-01 -1.939752846956253052e-01 3.808920383453369141e-01
1.081000089645385742e+00 -1.272984445095062256e-01 1.254628449678421021e-01
9.270000457763671875e-01 -2.338471412658691406e-01 3.746449351310729980e-01
9.380000233650207520e-01 -1.584363430738449097e-01 3.953040242195129395e-01
8.060000538825988770e-01 -1.514092683792114258e-01 -1.541311889886856079e-01
8.000000119209289551e-01 -1.199717447161674500e-01 -1.575931757688522339e-01
1.077000021934509277e+00 -1.513106226921081543e-01 1.125878542661666870e-01
9.350000619888305664e-01 -2.004399597644805908e-01 3.814695775508880615e-01
8.000000119209289551e-01 -1.745304614305496216e-01 -1.591296344995498657e-01
9.430000185966491699e-01 -1.378438621759414673e-01 4.010333716869354248e-01
7.960000634193420410e-01 -1.977849006652832031e-01 -1.568052172660827637e-01
9.270000457763671875e-01 -2.057493925094604492e-01 3.888878822326660156e-01
9.430000185966491699e-01 -1.378438621759414673e-01 3.992222845554351807e-01
7.920000553131103516e-01 -1.067691147327423096e-01 -1.651438176631927490e-01
9.410000443458557129e-01 -1.874651610851287842e-01 3.803029954433441162e-01
1.074000000953674316e+00 -2.241342067718505859e-01 1.225877106189727783e-01
1.091000080108642578e+00 -1.202088817954063416e-01 1.035746783018112183e-01
1.077000021934509277e+00 -1.594716906547546387e-01 1.229301393032073975e-01
7.960000634193420410e-01 -1.193718910217285156e-01 -1.629203259944915771e-01
1.081000089645385742e+00 -1.518726050853729248e-01 1.254628449678421021e-01
7.940000295639038086e-01 -1.311051845550537109e-01 -1.640359014272689819e-01
1.087000012397766113e+00 -1.444786936044692993e-01 1.052825897932052612e-01
9.540000557899475098e-01 -1.322227716445922852e-01 3.837246894836425781e-01
1.081000089645385742e+00 -1.436812132596969604e-01 1.254628449678421021e-01
1.077000021934509277e+00 -1.431495398283004761e-01 1.105194017291069031e-01
7.920000553131103516e-01 -1.787866204977035522e-01 -1.636227220296859741e-01
7.920000553131103516e-01 -1.307749450206756592e-01 -1.651438176631927490e-01
9.380000233650207520e-01 -1.868674904108047485e-01 3.862965404987335205e-01
8.040000200271606445e-01 -9.620204567909240723e-02 -1.552928686141967773e-01
9.380000233650207520e-01 -1.584363430738449097e-01 3.971055150032043457e-01
1.074000000953674316e+00 -1.427507996559143066e-01 1.143369376659393311e-01
7.920000553131103516e-01 -8.276327699422836304e-02 -1.666649132966995239e-01
7.980000376701354980e-01 -1.378125995397567749e-01 -1.617970466613769531e-01
1.074000000953674316e+00 -2.404108941555023193e-01 1.287758052349090576e-01
9.460000395774841309e-01 -1.311139762401580811e-01 3.968586325645446777e-01
1.069000005722045898e+00 -2.392916679382324219e-01 1.220170110464096069e-01
9.380000233650207520e-01 -1.868674904108047485e-01 3.935025334358215332e-01
9.380000233650207520e-01 -1.797597110271453857e-01 3.880980312824249268e-01
1.081000089645385742e+00 -1.272984445095062256e-01 1.213105767965316772e-01
7.940000295639038086e-01 -2.033045589923858643e-01 -1.609860360622406006e-01
7.980000376701354980e-01 -1.680472195148468018e-01 -1.602644324302673340e-01
9.460000395774841309e-01 -1.024403423070907593e-01 4.041260778903961182e-01
9.460000395774841309e-01 -1.526192128658294678e-01 3.932248950004577637e-01
7.870000600814819336e-01 -1.597672104835510254e-01 -1.671242266893386841e-01
9.410000443458557129e-01 -1.660735905170440674e-01 3.929538130760192871e-01
9.380000233650207520e-01 -1.868674904108047485e-01 3.862965404987335205e-01
9.350000619888305664e-01 -1.791847944259643555e-01 3.994269371032714844e-01
1.081000089645385742e+00 -2.255950719118118286e-01 1.296151280403137207e-01
7.940000295639038086e-01 -1.611882597208023071e-01 -1.609860360622406006e-01
1.077000021934509277e+00 -1.513106226921081543e-01 1.125878542661666870e-01
7.940000295639038086e-01 -1.792380958795547485e-01 -1.609860360622406006e-01
9.350000619888305664e-01 -1.791847944259643555e-01 3.940397202968597412e-01
9.350000619888305664e-01 -2.004399597644805908e-01 3.850610554218292236e-01
7.920000553131103516e-01 -1.907895356416702271e-01 -1.636227220296859741e-01
9.460000395774841309e-01 -1.311139762401580811e-01 3.968586325645446777e-01
9.380000233650207520e-01 -1.868674904108047485e-01 3.844950497150421143e-01
7.920000553131103516e-01 -1.367764174938201904e-01 -1.666649132966995239e-01
1.077000021934509277e+00 -1.431495398283004761e-01 1.084509417414665222e-01
9.480000734329223633e-01 -1.457583159208297729e-01 3.867734372615814209e-01
8.040000200271606445e-01 -1.936802864074707031e-01 -1.537487208843231201e-01
1.081000089645385742e+00 -1.928295344114303589e-01 1.233867108821868896e-01
9.460000395774841309e-01 -1.597876101732254028e-01 3.823237419128417969e-01
7.940000295639038086e-01 -1.311051845550537109e-01 -1.640359014272689819e-01
7.880000472068786621e-01 -1.539990603923797607e-01 -1.673365682363510132e-01
1.094000101089477539e+00 -1.205394268035888672e-01 1.101628020405769348e-01
1.066000103950500488e+00 -2.466978728771209717e-01 1.012012884020805359e-01
1.084000110626220703e+00 -1.358658373355865479e-01 1.299748420715332031e-01
8.040000200271606445e-01 -1.327563822269439697e-01 -1.552928686141967773e-01
1.077000021934509277e+00 -2.165992110967636108e-01 1.229301393032073975e-01
1.081000089645385742e+00 -1.928295344114303589e-01 1.254628449678421021e-01
7.900000214576721191e-01 -1.543899178504943848e-01 -1.662440299987792969e-01
9.350000619888305664e-01 -1.720997393131256104e-01 3.958354592323303223e-01
8.040000200271606445e-01 -9.010965377092361450e-02 -1.552928686141967773e-01
9.350000619888305664e-01 -2.075250148773193359e-01 3.850610554218292236e-01
9.380000233650207520e-01 -1.797597110271453857e-01 3.880980312824249268e-01
1.084000110626220703e+00 -1.851505488157272339e-01 1.278929412364959717e-01
9.240000247955322266e-01 -1.980818361043930054e-01 3.947277963161468506e-01
9.430000185966491699e-01 -1.235525086522102356e-01 3.974111676216125488e-01
9.570000171661376953e-01 -1.036315038800239563e-01 3.867693543434143066e-01
8.020000457763671875e-01 -1.141944453120231628e-01 -1.549065709114074707e-01
9.410000443458557129e-01 -1.304209828376770020e-01 4.019900858402252197e-01
7.960000634193420410e-01 -1.314354389905929565e-01 -1.613915413618087769e-01
1.066000103950500488e+00 -2.547755837440490723e-01 1.114379465579986572e-01
1.063000082969665527e+00 -2.621135711669921875e-01 1.009164825081825256e-01
1.091000080108642578e+00 -1.284760385751724243e-01 1.056700199842453003e-01
1.074000000953674316e+00 -1.915808469057083130e-01 1.184623241424560547e-01
1.074000000953674316e+00 -2.729642689228057861e-01 1.246504113078117371e-01
9.460000395774841309e-01 -1.096087545156478882e-01 4.023092091083526611e-01
8.060000538825988770e-01 -1.391941756010055542e-01 -1.541311889886856079e-01
7.880000472068786621e-01 -1.599702090024948120e-01 -1.658231616020202637e-01
1.063000082969665527e+00 -2.298936098814010620e-01 1.049996167421340942e-01
1.077000021934509277e+00 -1.757938414812088013e-01 1.229301393032073975e-01
9.220000505447387695e-01 -2.046396434307098389e-01 3.938733935356140137e-01
8.020000457763671875e-01 -1.445806175470352173e-01 -1.579871624708175659e-01
9.510000348091125488e-01 -1.462195664644241333e-01 3.825179934501647949e-01
8.060000538825988770e-01 -1.330866366624832153e-01 -1.541311889886856079e-01
7.920000553131103516e-01 -1.367764174938201904e-01 -1.681859940290451050e-01
7.980000376701354980e-01 -8.943719416856765747e-02 -1.602644324302673340e-01
1.069000005722045898e+00 -2.554925680160522461e-01 1.240701004862785339e-01
9.190000295639038086e-01 -2.318290323019027710e-01 3.872967958450317383e-01
9.460000395774841309e-01 -1.741244345903396606e-01 3.805068731307983398e-01
9.480000734329223633e-01 -1.026569232344627380e-01 3.995183706283569336e-01
1.081000089645385742e+00 -1.272984445095062256e-01 1.171582937240600586e-01
9.460000395774841309e-01 -1.597876101732254028e-01 3.823237419128417969e-01
9.430000185966491699e-01 -1.449895352125167847e-01 3.974111676216125488e-01
9.190000295639038086e-01 -2.318290323019027710e-01 3.890618085861206055e-01
1.081000089645385742e+00 -1.846381425857543945e-01 1.213105767965316772e-01
9.330000281333923340e-01 -2.141510099172592163e-01 3.842373788356781006e-01
9.350000619888305664e-01 -2.004399597644805908e-01 3.778781294822692871e-01
8.020000457763671875e-01 -1.992757320404052734e-01 -1.549065709114074707e-01
8.070000410079956055e-01 -9.656100720167160034e-02 -1.512226164340972900e-01
9.300000667572021484e-01 -2.134624272584915161e-01 3.847880363464355469e-01
9.270000457763671875e-01 -2.338471412658691406e-01 3.728645443916320801e-01
7.880000472068786621e-01 -1.539990603923797607e-01 -1.673365682363510132e-01
8.070000410079956055e-01 -2.066332250833511353e-01 -1.512226164340972900e-01
1.069000005722045898e+00 -2.311912178993225098e-01 1.014860868453979492e-01
1.055999994277954102e+00 -2.683894336223602295e-01 1.103925481438636780e-01
8.000000119209289551e-01 -1.139096692204475403e-01 -1.575931757688522339e-01
1.087000012397766113e+00 -1.197681427001953125e-01 1.178085654973983765e-01
7.960000634193420410e-01 -1.917531341314315796e-01 -1.598627716302871704e-01
9.540000557899475098e-01 -1.322227716445922852e-01 3.873891532421112061e-01
9.350000619888305664e-01 -1.650146842002868652e-01 3.994269371032714844e-01
7.960000634193420410e-01 -9.524481743574142456e-02 -1.629203259944915771e-01
8.070000410079956055e-01 -1.638273596763610840e-01 -1.527725160121917725e-01
9.380000233650207520e-01 -1.726519167423248291e-01 3.917010128498077393e-01
7.880000472068786621e-01 -1.778836548328399658e-01 -1.658231616020202637e-01
1.059000015258789062e+00 -2.691519260406494141e-01 1.127400547266006470e-01
7.940000295639038086e-01 -1.551716476678848267e-01 -1.609860360622406006e-01
9.430000185966491699e-01 -1.306981742382049561e-01 3.992222845554351807e-01
7.940000295639038086e-01 -1.551716476678848267e-01 -1.609860360622406006e-01
9.240000247955322266e-01 -2.330903410911560059e-01 3.805309236049652100e-01
8.040000200271606445e-01 -1.875879019498825073e-01 -1.537487208843231201e-01
7.900000214576721191e-01 -1.424173116683959961e-01 -1.662440299987792969e-01
9.350000619888305664e-01 -1.579296290874481201e-01 3.976311981678009033e-01
1.074000000953674316e+00 -1.997191905975341797e-01 1.246504113078117371e-01
1.066000103950500488e+00 -2.628533244132995605e-01 1.134852766990661621e-01
8.000000119209289551e-01 -8.966134488582611084e-02 -1.591296344995498657e-01
9.480000734329223633e-01 -1.098404899239540100e-01 3.976976573467254639e-01
1.077000021934509277e+00 -1.431495398283004761e-01 1.229301393032073975e-01
9.460000395774841309e-01 -1.382823884487152100e-01 3.914080262184143066e-01
1.077000021934509277e+00 -2.247602939605712891e-01 1.270670592784881592e-01
7.960000634193420410e-01 -2.038166671991348267e-01 -1.598627716302871704e-01
1.063000082969665527e+00 -2.621135711669921875e-01 1.009164825081825256e-01
9.300000667572021484e-01 -1.993680894374847412e-01 3.919325768947601318e-01
1.084000110626220703e+00 -1.769364327192306519e-01 1.029101312160491943e-01
9.380000233650207520e-01 -1.939752846956253052e-01 3.790905475616455078e-01
1.094000101089477539e+00 -1.205394268035888672e-01 1.101628020405769348e-01
9.460000395774841309e-01 -1.024403423070907593e-01 4.023092091083526611e-01
9.410000443458557129e-01 -1.375515162944793701e-01 4.019900858402252197e-01
1.059000015258789062e+00 -2.450778782367706299e-01 1.066383942961692810e-01
9.480000734329223633e-01 -1.242076158523559570e-01 3.922355473041534424e-01
1.074000000953674316e+00 -2.729642689228057861e-01 1.225877106189727783e-01
9.240000247955322266e-01 -2.190869450569152832e-01 3.894039690494537354e-01
7.900000214576721191e-01 -8.854058384895324707e-02 -1.677612811326980591e-01
8.000000119209289551e-01 -1.199717447161674500e-01 -1.575931757688522339e-01
1.077000021934509277e+00 -1.676327735185623169e-01 1.146563142538070679e-01
7.900000214576721191e-01 -1.843214333057403564e-01 -1.632095277309417725e-01
9.270000457763671875e-01 -2.338471412658691406e-01 3.782056570053100586e-01
9.300000667572021484e-01 -2.064152508974075317e-01 3.883603215217590332e-01
7.980000376701354980e-01 -1.861879825592041016e-01 -1.571992039680480957e-01
7.940000295639038086e-01 -8.297227323055267334e-02 -1.518364250659942627e-01
1.087000012397766113e+00 -1.280049979686737061e-01 1.094579175114631653e-01
8.020000457763671875e-01 -1.506578475236892700e-01 -1.564468592405319214e-01
9.380000233650207520e-01 -1.513285487890243530e-01 3.989070057868957520e-01
1.066000103950500488e+00 -2.386201471090316772e-01 1.155326068401336670e-01
8.070000410079956055e-01 -1.821727305650711060e-01 -1.512226164340972900e-01
9.460000395774841309e-01 -1.382823884487152100e-01 3.932248950004577637e-01
9.430000185966491699e-01 -1.306981742382049561e-01 3.974111676216125488e-01
9.190000295639038086e-01 -2.318290323019027710e-01 3.855317831039428711e-01
7.940000295639038086e-01 -1.070387288928031921e-01 -1.625109612941741943e-01
9.460000395774841309e-01 -1.669560223817825317e-01 3.895911872386932373e-01
9.330000281333923340e-01 -1.858714073896408081e-01 3.985725343227386475e-01
9.410000443458557129e-01 -1.232904642820358276e-01 3.983755707740783691e-01
7.940000295639038086e-01 -1.491550356149673462e-01 -1.625109612941741943e-01
1.066000103950500488e+00 -2.466978728771209717e-01 1.196272671222686768e-01
9.480000734329223633e-01 -1.385747492313385010e-01 3.867734372615814209e-01
7.880000472068786621e-01 -1.062298789620399475e-01 -1.673365682363510132e-01
9.270000457763671875e-01 -2.338471412658691406e-01 3.799860477447509766e-01
1.066000103950500488e+00 -1.336097717285156250e-01 1.093906164169311523e-01
1.077000021934509277e+00 -2.084381431341171265e-01 1.291355043649673462e-01
8.090000152587890625e-01 -1.335819810628890991e-01 -1.515973806381225586e-01
1.077000021934509277e+00 -1.349884718656539917e-01 1.187932267785072327e-01
8.070000410079956055e-01 -1.026761308312416077e-01 -1.512226164340972900e-01
1.069000005722045898e+00 -1.987894028425216675e-01 1.199639141559600830e-01
9.270000457763671875e-01 -2.127738296985626221e-01 3.871075212955474854e-01
8.070000410079956055e-01 -1.210215017199516296e-01 -1.512226164340972900e-01
9.460000395774841309e-01 -1.669560223817825317e-01 3.805068731307983398e-01
1.066000103950500488e+00 -2.224647104740142822e-01 1.012012884020805359e-01
9.330000281333923340e-01 -2.141510099172592163e-01 3.824454843997955322e-01
1.077000021934509277e+00 -1.431495398283004761e-01 1.125878542661666870e-01
9.430000185966491699e-01 -1.378438621759414673e-01 4.010333716869354248e-01
1.081000089645385742e+00 -1.682553738355636597e-01 1.296151280403137207e-01
9.510000348091125488e-01 -1.029817834496498108e-01 3.989561796188354492e-01
1.069000005722045898e+00 -1.987894028425216675e-01 1.179108247160911560e-01
9.410000443458557129e-01 -1.660735905170440674e-01 3.929538130760192871e-01
9.350000619888305664e-01 -2.075250148773193359e-01 3.850610554218292236e-01
1.077000021934509277e+00 -1.676327735185623169e-01 1.249985992908477783e-01
9.350000619888305664e-01 -2.075250148773193359e-01 3.778781294822692871e-01
9.430000185966491699e-01 -1.807179152965545654e-01 3.811112940311431885e-01
7.920000553131103516e-01 -1.187720373272895813e-01 -1.651438176631927490e-01
7.920000553131103516e-01 -8.276327699422836304e-02 -1.499328762292861938e-01
1.066000103950500488e+00 -1.336097717285156250e-01 1.114379465579986572e-01
7.960000634193420410e-01 -1.555625051259994507e-01 -1.598627716302871704e-01
1.074000000953674316e+00 -1.346124559640884399e-01 1.081488505005836487e-01
9.380000233650207520e-01 -1.655441373586654663e-01 3.953040242195129395e-01
8.000000119209289551e-01 -1.199717447161674500e-01 -1.591296344995498657e-01
1.063000082969665527e+00 -2.621135711669921875e-01 1.009164825081825256e-01
9.570000171661376953e-01 -1.181350350379943848e-01 3.867693543434143066e-01
1.074000000953674316e+00 -1.834425032138824463e-01 1.040234640240669250e-01
1.066000103950500488e+00 -1.336097717285156250e-01 1.134852766990661621e-01
1.066000103950500488e+00 -2.224647104740142822e-01 1.012012884020805359e-01
1.077000021934509277e+00 -1.676327735185623169e-01 1.125878542661666870e-01
7.900000214576721191e-01 -1.484036147594451904e-01 -1.662440299987792969e-01
7.980000376701354980e-01 -1.015310436487197876e-01 -1.587318181991577148e-01
9.350000619888305664e-01 -1.720997393131256104e-01 3.994269371032714844e-01
9.350000619888305664e-01 -2.004399597644805908e-01 3.796738386154174805e-01
7.960000634193420410e-01 -1.495307385921478271e-01 -1.613915413618087769e-01
1.074000000953674316e+00 -1.834425032138824463e-01 1.081488505005836487e-01
7.880000472068786621e-01 -1.539990603923797607e-01 -1.673365682363510132e-01
9.570000171661376953e-01 -1.108832657337188721e-01 3.867693543434143066e-01
9.480000734329223633e-01 -1.026569232344627380e-01 4.013390541076660156e-01
8.060000538825988770e-01 -1.514092683792114258e-01 -1.541311889886856079e-01
1.074000000953674316e+00 -1.915808469057083130e-01 1.184623241424560547e-01
9.350000619888305664e-01 -1.720997393131256104e-01 3.994269371032714844e-01
1.074000000953674316e+00 -2.729642689228057861e-01 1.225877106189727783e-01
1.081000089645385742e+00 -1.764467507600784302e-01 1.088537424802780151e-01
7.980000376701354980e-01 -8.943719416856765747e-02 -1.602644324302673340e-01
9.350000619888305664e-01 -1.650146842002868652e-01 3.958354592323303223e-01
1.077000021934509277e+00 -1.676327735185623169e-01 1.229301393032073975e-01
9.460000395774841309e-01 -1.024403423070907593e-01 4.023092091083526611e-01
8.090000152587890625e-01 -1.458425372838973999e-01 -1.515973806381225586e-01
1.081000089645385742e+00 -1.846381425857543945e-01 1.254628449678421021e-01
1.081000089645385742e+00 -1.600639820098876953e-01 1.088537424802780151e-01
7.920000553131103516e-01 -8.276327699422836304e-02 -1.484117805957794189e-01
1.084000110626220703e+00 -1.769364327192306519e-01 1.070739328861236572e-01
9.460000395774841309e-01 -1.669560223817825317e-01 3.859574496746063232e-01
9.460000395774841309e-01 -1.454508006572723389e-01 3.950417637825012207e-01
1.074000000953674316e+00 -2.729642689228057861e-01 1.287758052349090576e-01
1.074000000953674316e+00 -2.729642689228057861e-01 1.246504113078117371e-01
9.190000295639038086e-01 -2.248652130365371704e-01 3.908268213272094727e-01
9.480000734329223633e-01 -1.170240491628646851e-01 3.940562605857849121e-01
8.040000200271606445e-01 -1.205716058611869812e-01 -1.552928686141967773e-01
9.380000233650207520e-01 -1.797597110271453857e-01 3.898995220661163330e-01
1.069000005722045898e+00 -2.473921179771423340e-01 1.281762868165969849e-01
1.066000103950500488e+00 -2.386201471090316772e-01 1.175799369812011719e-01
9.380000233650207520e-01 -1.797597110271453857e-01 3.880980312824249268e-01
1.063000082969665527e+00 -2.460035979747772217e-01 1.029580533504486084e-01
9.510000348091125488e-01 -1.246006712317466736e-01 3.916503190994262695e-01
7.900000214576721191e-01 -1.244584023952484131e-01 -1.677612811326980591e-01
9.480000734329223633e-01 -1.026569232344627380e-01 4.013390541076660156e-01
8.000000119209289551e-01 -1.199717447161674500e-01 -1.575931757688522339e-01
7.920000553131103516e-01 -8.276327699422836304e-02 -1.651438176631927490e-01
9.240000247955322266e-01 -2.120852321386337280e-01 3.894039690494537354e-01
1.074000000953674316e+00 -1.834425032138824463e-01 1.143369376659393311e-01
8.040000200271606445e-01 -9.620204567909240723e-02 -1.537487208843231201e-01
9.430000185966491699e-01 -1.735722422599792480e-01 3.847334682941436768e-01
1.077000021934509277e+00 -1.513106226921081543e-01 1.084509417414665222e-01
7.920000553131103516e-01 -1.007676571607589722e-01 -1.651438176631927490e-01
9.350000619888305664e-01 -1.933549046516418457e-01 3.868567943572998047e-01
7.960000634193420410e-01 -1.796895861625671387e-01 -1.598627716302871704e-01
9.350000619888305664e-01 -2.146100699901580811e-01 3.760823905467987061e-01
7.960000634193420410e-01 -9.524481743574142456e-02 -1.613915413618087769e-01
7.900000214576721191e-01 -1.843214333057403564e-01 -1.632095277309417725e-01
8.060000538825988770e-01 -1.758394539356231689e-01 -1.525832116603851318e-01
7.900000214576721191e-01 -1.184720993041992188e-01 -1.662440299987792969e-01
1.074000000953674316e+00 -1.915808469057083130e-01 1.102115437388420105e-01
1.081000089645385742e+00 -1.682553738355636597e-01 1.275389939546585083e-01
9.350000619888305664e-01 -1.933549046516418457e-01 3.940397202968597412e-01
1.084000110626220703e+00 -1.687223166227340698e-01 1.049920320510864258e-01
9.540000557899475098e-01 -1.033066436648368835e-01 3.910535871982574463e-01
8.000000119209289551e-01 -1.260338276624679565e-01 -1.575931757688522339e-01
9.510000348091125488e-01 -1.318069696426391602e-01 3.916503190994262695e-01
7.960000634193420410e-01 -1.917531341314315796e-01 -1.598627716302871704e-01
7.940000295639038086e-01 -1.491550356149673462e-01 -1.640359014272689819e-01
8.040000200271606445e-01 -9.620204567909240723e-02 -1.552928686141967773e-01
1.074000000953674316e+00 -1.346124559640884399e-01 1.081488505005836487e-01
1.077000021934509277e+00 -1.349884718656539917e-01 1.249985992908477783e-01
9.570000171661376953e-01 -1.181350350379943848e-01 3.886073231697082520e-01
8.000000119209289551e-01 -1.866546124219894409e-01 -1.560567170381546021e-01
7.960000634193420410e-01 -1.555625051259994507e-01 -1.598627716302871704e-01
9.410000443458557129e-01 -1.518125534057617188e-01 3.983755707740783691e-01
9.380000233650207520e-01 -1.726519167423248291e-01 3.953040242195129395e-01
9.190000295639038086e-01 -2.318290323019027710e-01 3.872967958450317383e-01
9.480000734329223633e-01 -1.385747492313385010e-01 3.885941505432128906e-01
7.880000472068786621e-01 -9.428758174180984497e-02 -1.673365682363510132e-01
1.074000000953674316e+00 -1.915808469057083130e-01 1.060861572623252869e-01
7.940000295639038086e-01 -1.371217966079711914e-01 -1.655608415603637695e-01
9.540000557899475098e-01 -1.322227716445922852e-01 3.910535871982574463e-01
9.510000348091125488e-01 -1.390132606029510498e-01 3.843444585800170898e-01
1.084000110626220703e+00 -1.851505488157272339e-01 1.278929412364959717e-01
9.460000395774841309e-01 -1.382823884487152100e-01 3.895911872386932373e-01
9.460000395774841309e-01 -1.597876101732254028e-01 3.932248950004577637e-01
9.380000233650207520e-01 -1.797597110271453857e-01 3.917010128498077393e-01
9.350000619888305664e-01 -1.650146842002868652e-01 3.976311981678009033e-01
1.059000015258789062e+00 -2.290285229682922363e-01 1.086722761392593384e-01
9.460000395774841309e-01 -1.239455714821815491e-01 3.950417637825012207e-01
1.074000000953674316e+00 -2.729642689228057861e-01 1.205250173807144165e-01
1.091000080108642578e+00 -1.450103670358657837e-01 1.035746783018112183e-01
9.480000734329223633e-01 -1.529418677091598511e-01 3.813113272190093994e-01
8.070000410079956055e-01 -1.821727305650711060e-01 -1.512226164340972900e-01
1.066000103950500488e+00 -2.386201471090316772e-01 1.052959561347961426e-01
1.084000110626220703e+00 -1.440799683332443237e-01 1.278929412364959717e-01
8.070000410079956055e-01 -1.638273596763610840e-01 -1.512226164340972900e-01
9.480000734329223633e-01 -1.457583159208297729e-01 3.922355473041534424e-01
8.060000538825988770e-01 -1.514092683792114258e-01 -1.525832116603851318e-01
8.060000538825988770e-01 -1.514092683792114258e-01 -1.541311889886856079e-01
9.270000457763671875e-01 -2.268227040767669678e-01 3.799860477447509766e-01
9.460000395774841309e-01 -1.096087545156478882e-01 4.023092091083526611e-01
9.410000443458557129e-01 -1.232904642820358276e-01 4.019900858402252197e-01
8.040000200271606445e-01 -1.875879019498825073e-01 -1.537487208843231201e-01
1.077000021934509277e+00 -1.757938414812088013e-01 1.146563142538070679e-01
9.410000443458557129e-01 -1.874651610851287842e-01 3.784957230091094971e-01
1.077000021934509277e+00 -1.676327735185623169e-01 1.125878542661666870e-01
8.070000410079956055e-01 -1.699424833059310913e-01 -1.512226164340972900e-01
8.060000538825988770e-01 -1.636243611574172974e-01 -1.541311889886856079e-01
1.077000021934509277e+00 -1.513106226921081543e-01 1.084509417414665222e-01
8.070000410079956055e-01 -2.005181014537811279e-01 -1.512226164340972900e-01
1.084000110626220703e+00 -1.522940844297409058e-01 1.049920320510864258e-01
9.380000233650207520e-01 -1.726519167423248291e-01 3.953040242195129395e-01
9.380000233650207520e-01 -1.655441373586654663e-01 3.953040242195129395e-01
1.069000005722045898e+00 -2.554925680160522461e-01 1.220170110464096069e-01
1.069000005722045898e+00 -2.149903029203414917e-01 1.014860868453979492e-01
1.081000089645385742e+00 -1.682553738355636597e-01 1.067776009440422058e-01
1.091000080108642578e+00 -1.450103670358657837e-01 1.035746783018112183e-01
1.084000110626220703e+00 -1.851505488157272339e-01 1.299748420715332031e-01
1.063000082969665527e+00 -2.621135711669921875e-01 1.090827584266662598e-01
1.074000000953674316e+00 -2.322725504636764526e-01 1.267130970954895020e-01
8.020000457763671875e-01 -1.020399779081344604e-01 -1.564468592405319214e-01
8.070000410079956055e-01 -2.005181014537811279e-01 -1.512226164340972900e-01
1.081000089645385742e+00 -1.272984445095062256e-01 1.130060181021690369e-01
1.077000021934509277e+00 -1.513106226921081543e-01 1.146563142538070679e-01
9.220000505447387695e-01 -2.186127305030822754e-01 3.903318643569946289e-01
9.380000233650207520e-01 -1.726519167423248291e-01 3.917010128498077393e-01
9.570000171661376953e-01 -1.108832657337188721e-01 3.849313557147979736e-01
8.000000119209289551e-01 -8.966134488582611084e-02 -1.591296344995498657e-01
7.920000553131103516e-01 -1.967910081148147583e-01 -1.651438176631927490e-01
1.084000110626220703e+00 -1.769364327192306519e-01 1.029101312160491943e-01
9.350000619888305664e-01 -1.720997393131256104e-01 3.958354592323303223e-01
7.900000214576721191e-01 -1.244584023952484131e-01 -1.662440299987792969e-01
1.084000110626220703e+00 -1.687223166227340698e-01 1.029101312160491943e-01
9.430000185966491699e-01 -1.164068281650543213e-01 4.028444886207580566e-01
1.059000015258789062e+00 -2.290285229682922363e-01 1.107061654329299927e-01
7.900000214576721191e-01 -1.843214333057403564e-01 -1.647267788648605347e-01
1.074000000953674316e+00 -2.322725504636764526e-01 1.287758052349090576e-01
9.270000457763671875e-01 -2.197982668876647949e-01 3.782056570053100586e-01
9.330000281333923340e-01 -2.070811092853546143e-01 3.860292732715606689e-01
1.081000089645385742e+00 -1.272984445095062256e-01 1.192344352602958679e-01
7.940000295639038086e-01 -1.190719604492187500e-01 -1.640359014272689819e-01
9.350000619888305664e-01 -1.791847944259643555e-01 3.940397202968597412e-01
1.087000012397766113e+00 -1.527155488729476929e-01 1.031949296593666077e-01
9.460000395774841309e-01 -1.239455714821815491e-01 3.968586325645446777e-01
1.063000082969665527e+00 -2.621135711669921875e-01 1.111243292689323425e-01
1.077000021934509277e+00 -1.757938414812088013e-01 1.229301393032073975e-01
7.900000214576721191e-01 -1.843214333057403564e-01 -1.632095277309417725e-01
7.940000295639038086e-01 -1.311051845550537109e-01 -1.640359014272689819e-01
7.920000553131103516e-01 -1.607822477817535400e-01 -1.636227220296859741e-01
9.300000667572021484e-01 -2.064152508974075317e-01 3.883603215217590332e-01
9.460000395774841309e-01 -1.741244345903396606e-01 3.805068731307983398e-01
8.070000410079956055e-01 -9.656100720167160034e-02 -1.512226164340972900e-01
7.920000553131103516e-01 -1.847880780696868896e-01 -1.621016263961791992e-01
1.074000000953674316e+00 -2.404108941555023193e-01 1.019607633352279663e-01
1.074000000953674316e+00 -1.346124559640884399e-01 1.081488505005836487e-01
1.069000005722045898e+00 -2.716934680938720703e-01 1.014860868453979492e-01
1.074000000953674316e+00 -1.915808469057083130e-01 1.122742369771003723e-01
9.380000233650207520e-01 -1.797597110271453857e-01 3.898995220661163330e-01
7.960000634193420410e-01 -1.917531341314315796e-01 -1.568052172660827637e-01
1.084000110626220703e+00 -1.605082005262374878e-01 1.029101312160491943e-01
7.960000634193420410e-01 -1.917531341314315796e-01 -1.568052172660827637e-01
9.190000295639038086e-01 -2.248652130365371704e-01 3.925918042659759521e-01
1.063000082969665527e+00 -2.460035979747772217e-01 1.111243292689323425e-01
7.960000634193420410e-01 -1.495307385921478271e-01 -1.598627716302871704e-01
1.074000000953674316e+00 -1.915808469057083130e-01 1.102115437388420105e-01
8.020000457763671875e-01 -1.749667972326278687e-01 -1.549065709114074707e-01
1.063000082969665527e+00 -2.621135711669921875e-01 1.111243292689323425e-01
1.074000000953674316e+00 -2.322725504636764526e-01 1.267130970954895020e-01
7.980000376701354980e-01 -1.015310436487197876e-01 -1.602644324302673340e-01
1.063000082969665527e+00 -2.298936098814010620e-01 1.131658926606178284e-01
7.960000634193420410e-01 -1.314354389905929565e-01 -1.613915413618087769e-01
1.091000080108642578e+00 -1.450103670358657837e-01 1.035746783018112183e-01
9.430000185966491699e-01 -1.735722422599792480e-01 3.847334682941436768e-01
7.980000376701354980e-01 -1.196718215942382812e-01 -1.602644324302673340e-01
9.480000734329223633e-01 -1.457583159208297729e-01 3.885941505432128906e-01
1.074000000953674316e+00 -2.729642689228057861e-01 1.287758052349090576e-01
7.940000295639038086e-01 -1.190719604492187500e-01 -1.640359014272689819e-01
8.040000200271606445e-01 -1.571259498596191406e-01 -1.537487208843231201e-01
1.069000005722045898e+00 -2.635930180549621582e-01 1.199639141559600830e-01
1.084000110626220703e+00 -1.194376051425933838e-01 1.237291395664215088e-01
1.066000103950500488e+00 -2.386201471090316772e-01 1.175799369812011719e-01
7.940000295639038086e-01 -1.852547079324722290e-01 -1.594610959291458130e-01
7.940000295639038086e-01 -1.130553483963012695e-01 -1.609860360622406006e-01
1.066000103950500488e+00 -2.628533244132995605e-01 1.134852766990661621e-01
1.069000005722045898e+00 -2.554925680160522461e-01 1.199639141559600830e-01
1.066000103950500488e+00 -2.547755837440490723e-01 1.134852766990661621e-01
7.960000634193420410e-01 -1.615942865610122681e-01 -1.598627716302871704e-01
9.460000395774841309e-01 -1.597876101732254028e-01 3.841405808925628662e-01
9.270000457763671875e-01 -2.338471412658691406e-01 3.764252960681915283e-01
1.069000005722045898e+00 -2.311912178993225098e-01 1.240701004862785339e-01
9.350000619888305664e-01 -2.075250148773193359e-01 3.760823905467987061e-01
1.081000089645385742e+00 -1.600639820098876953e-01 1.192344352602958679e-01
1.069000005722045898e+00 -2.392916679382324219e-01 1.240701004862785339e-01
9.460000395774841309e-01 -1.096087545156478882e-01 3.986754715442657471e-01
9.430000185966491699e-01 -1.164068281650543213e-01 3.992222845554351807e-01
7.960000634193420410e-01 -1.917531341314315796e-01 -1.568052172660827637e-01
1.069000005722045898e+00 -2.716934680938720703e-01 1.179108247160911560e-01
9.240000247955322266e-01 -2.120852321386337280e-01 3.894039690494537354e-01
8.020000457763671875e-01 -1.202716827392578125e-01 -1.564468592405319214e-01
7.980000376701354980e-01 -1.499064415693283081e-01 -1.587318181991577148e-01
9.570000171661376953e-01 -1.181350350379943848e-01 3.849313557147979736e-01
9.460000395774841309e-01 -1.454508006572723389e-01 3.950417637825012207e-01
1.084000110626220703e+00 -2.180070281028747559e-01 1.299748420715332031e-01
9.430000185966491699e-01 -1.378438621759414673e-01 3.992222845554351807e-01
9.330000281333923340e-01 -2.070811092853546143e-01 3.860292732715606689e-01
1.087000012397766113e+00 -1.197681427001953125e-01 1.157209053635597229e-01
9.350000619888305664e-01 -1.650146842002868652e-01 3.976311981678009033e-01
9.540000557899475098e-01 -1.249937340617179871e-01 3.892213702201843262e-01
9.350000619888305664e-01 -1.579296290874481201e-01 3.994269371032714844e-01
1.087000012397766113e+00 -1.362418383359909058e-01 1.073702573776245117e-01
9.240000247955322266e-01 -2.330903410911560059e-01 3.805309236049652100e-01
9.540000557899475098e-01 -1.177647039294242859e-01 3.947180509567260742e-01
1.074000000953674316e+00 -2.729642689228057861e-01 1.267130970954895020e-01
1.077000021934509277e+00 -2.002770602703094482e-01 1.291355043649673462e-01
9.350000619888305664e-01 -2.075250148773193359e-01 3.778781294822692871e-01
7.960000634193420410e-01 -1.012765839695930481e-01 -1.613915413618087769e-01
1.077000021934509277e+00 -1.431495398283004761e-01 1.084509417414665222e-01
9.220000505447387695e-01 -2.325858175754547119e-01 3.850195705890655518e-01
1.077000021934509277e+00 -1.676327735185623169e-01 1.146563142538070679e-01
9.270000457763671875e-01 -2.338471412658691406e-01 3.746449351310729980e-01
8.040000200271606445e-01 -1.388487815856933594e-01 -1.552928686141967773e-01
7.900000214576721191e-01 -1.005131900310516357e-01 -1.662440299987792969e-01
8.060000538825988770e-01 -1.758394539356231689e-01 -1.541311889886856079e-01
7.900000214576721191e-01 -9.452688694000244141e-02 -1.647267788648605347e-01
8.090000152587890625e-01 -1.397122591733932495e-01 -1.515973806381225586e-01
9.410000443458557129e-01 -1.803346425294876099e-01 3.839175105094909668e-01
7.980000376701354980e-01 -1.015310436487197876e-01 -1.587318181991577148e-01
1.074000000953674316e+00 -1.427507996559143066e-01 1.143369376659393311e-01
1.081000089645385742e+00 -1.846381425857543945e-01 1.233867108821868896e-01
8.070000410079956055e-01 -1.026761308312416077e-01 -1.512226164340972900e-01
9.430000185966491699e-01 -1.378438621759414673e-01 3.937889933586120605e-01
7.960000634193420410e-01 -1.073083579540252686e-01 -1.613915413618087769e-01
9.270000457763671875e-01 -2.197982668876647949e-01 3.817664086818695068e-01
1.074000000953674316e+00 -1.915808469057083130e-01 1.143369376659393311e-01
8.060000538825988770e-01 -9.033381193876266479e-02 -1.510352194309234619e-01
9.430000185966491699e-01 -1.664265692234039307e-01 3.919778764247894287e-01
9.460000395774841309e-01 -1.597876101732254028e-01 3.877743184566497803e-01
1.069000005722045898e+00 -2.635930180549621582e-01 1.261231899261474609e-01
9.570000171661376953e-01 -1.036315038800239563e-01 3.849313557147979736e-01
9.350000619888305664e-01 -2.075250148773193359e-01 3.814695775508880615e-01
9.510000348091125488e-01 -1.029817834496498108e-01 3.971297144889831543e-01
7.980000376701354980e-01 -1.861879825592041016e-01 -1.571992039680480957e-01
9.270000457763671875e-01 -2.338471412658691406e-01 3.728645443916320801e-01
1.081000089645385742e+00 -1.682553738355636597e-01 1.088537424802780151e-01
9.570000171661376953e-01 -1.108832657337188721e-01 3.886073231697082520e-01
7.960000634193420410e-01 -9.524481743574142456e-02 -1.629203259944915771e-01
1.066000103950500488e+00 -2.305424213409423828e-01 1.032486185431480408e-01
1.066000103950500488e+00 -2.466978728771209717e-01 1.175799369812011719e-01
7.900000214576721191e-01 -1.484036147594451904e-01 -1.662440299987792969e-01
9.460000395774841309e-01 -1.526192128658294678e-01 3.859574496746063232e-01
8.020000457763671875e-01 -1.567350924015045166e-01 -1.549065709114074707e-01
9.430000185966491699e-01 -1.378438621759414673e-01 3.974111676216125488e-01
9.270000457763671875e-01 -2.127738296985626221e-01 3.871075212955474854e-01
1.059000015258789062e+00 -2.450778782367706299e-01 1.066383942961692810e-01
8.000000119209289551e-01 -1.684683859348297119e-01 -1.575931757688522339e-01
7.980000376701354980e-01 -1.740941405296325684e-01 -1.602644324302673340e-01
9.350000619888305664e-01 -1.862698495388031006e-01 3.940397202968597412e-01
1.077000021934509277e+00 -1.349884718656539917e-01 1.229301393032073975e-01
1.074000000953674316e+00 -1.834425032138824463e-01 1.102115437388420105e-01
1.081000089645385742e+00 -1.600639820098876953e-01 1.067776009440422058e-01
8.090000152587890625e-01 -1.335819810628890991e-01 -1.515973806381225586e-01
7.900000214576721191e-01 -1.184720993041992188e-01 -1.677612811326980591e-01
8.000000119209289551e-01 -1.260338276624679565e-01 -1.575931757688522339e-01
8.090000152587890625e-01 -1.335819810628890991e-01 -1.515973806381225586e-01
1.069000005722045898e+00 -2.635930180549621582e-01 1.179108247160911560e-01
9.460000395774841309e-01 -1.096087545156478882e-01 3.986754715442657471e-01
8.020000457763671875e-01 -8.988550305366516113e-02 -1.579871624708175659e-01
8.070000410079956055e-01 -1.577122360467910767e-01 -1.512226164340972900e-01
1.084000110626220703e+00 -1.605082005262374878e-01 1.049920320510864258e-01
9.410000443458557129e-01 -1.304209828376770020e-01 4.019900858402252197e-01
1.081000089645385742e+00 -1.846381425857543945e-01 1.254628449678421021e-01
1.069000005722045898e+00 -2.068898528814315796e-01 1.179108247160911560e-01
8.060000538825988770e-01 -1.941620856523513794e-01 -1.525832116603851318e-01
7.900000214576721191e-01 -1.304447054862976074e-01 -1.677612811326980591e-01
9.270000457763671875e-01 -2.338471412658691406e-01 3.764252960681915283e-01
9.540000557899475098e-01 -1.033066436648368835e-01 3.928858339786529541e-01
1.081000089645385742e+00 -1.928295344114303589e-01 1.254628449678421021e-01
8.060000538825988770e-01 -1.941620856523513794e-01 -1.510352194309234619e-01
1.087000012397766113e+00 -1.774260997772216797e-01 1.303345412015914917e-01
1.069000005722045898e+00 -2.635930180549621582e-01 1.240701004862785339e-01
9.220000505447387695e-01 -2.325858175754547119e-01 3.850195705890655518e-01
9.460000395774841309e-01 -1.096087545156478882e-01 4.004923403263092041e-01
7.920000553131103516e-01 -1.547807902097702026e-01 -1.636227220296859741e-01
7.900000214576721191e-01 -1.484036147594451904e-01 -1.662440299987792969e-01
1.066000103950500488e+00 -2.466978728771209717e-01 1.155326068401336670e-01
9.510000348091125488e-01 -1.462195664644241333e-01 3.825179934501647949e-01
8.020000457763671875e-01 -1.567350924015045166e-01 -1.549065709114074707e-01
7.940000295639038086e-01 -1.250885725021362305e-01 -1.640359014272689819e-01
7.940000295639038086e-01 -1.792380958795547485e-01 -1.609860360622406006e-01
1.074000000953674316e+00 -2.322725504636764526e-01 1.287758052349090576e-01
9.480000734329223633e-01 -1.601254343986511230e-01 3.813113272190093994e-01
9.430000185966491699e-01 -1.449895352125167847e-01 3.992222845554351807e-01
9.510000348091125488e-01 -1.462195664644241333e-01 3.843444585800170898e-01
1.077000021934509277e+00 -1.513106226921081543e-01 1.187932267785072327e-01
8.020000457763671875e-01 -1.385033875703811646e-01 -1.564468592405319214e-01
1.081000089645385742e+00 -1.354898363351821899e-01 1.275389939546585083e-01
7.960000634193420410e-01 -8.318127691745758057e-02 -1.537476629018783569e-01
8.060000538825988770e-01 -1.514092683792114258e-01 -1.525832116603851318e-01
1.069000005722045898e+00 -2.635930180549621582e-01 1.158577352762222290e-01
1.069000005722045898e+00 -2.716934680938720703e-01 1.179108247160911560e-01
9.240000247955322266e-01 -2.330903410911560059e-01 3.823055326938629150e-01
1.069000005722045898e+00 -2.554925680160522461e-01 1.220170110464096069e-01
1.077000021934509277e+00 -2.002770602703094482e-01 1.291355043649673462e-01
9.480000734329223633e-01 -1.457583159208297729e-01 3.885941505432128906e-01
1.074000000953674316e+00 -1.834425032138824463e-01 1.060861572623252869e-01
7.960000634193420410e-01 -1.374672055244445801e-01 -1.644490957260131836e-01
9.460000395774841309e-01 -1.526192128658294678e-01 3.895911872386932373e-01
9.510000348091125488e-01 -1.390132606029510498e-01 3.825179934501647949e-01
7.960000634193420410e-01 -1.374672055244445801e-01 -1.644490957260131836e-01
1.084000110626220703e+00 -1.851505488157272339e-01 1.299748420715332031e-01
8.040000200271606445e-01 -9.620204567909240723e-02 -1.537487208843231201e-01
8.060000538825988770e-01 -1.941620856523513794e-01 -1.510352194309234619e-01
9.170000553131103516e-01 -2.313245087862014771e-01 3.917374312877655029e-01
1.069000005722045898e+00 -2.392916679382324219e-01 1.240701004862785339e-01
1.077000021934509277e+00 -1.513106226921081543e-01 1.105194017291069031e-01
8.060000538825988770e-01 -9.033381193876266479e-02 -1.525832116603851318e-01
8.000000119209289551e-01 -1.805925369262695312e-01 -1.575931757688522339e-01
7.880000472068786621e-01 -1.599702090024948120e-01 -1.658231616020202637e-01
9.350000619888305664e-01 -1.933549046516418457e-01 3.940397202968597412e-01
8.040000200271606445e-01 -1.022944375872612000e-01 -1.537487208843231201e-01
9.460000395774841309e-01 -1.167771592736244202e-01 3.950417637825012207e-01
9.350000619888305664e-01 -1.791847944259643555e-01 3.958354592323303223e-01
9.380000233650207520e-01 -1.797597110271453857e-01 3.917010128498077393e-01
9.300000667572021484e-01 -2.275567650794982910e-01 3.758573830127716064e-01
7.940000295639038086e-01 -1.611882597208023071e-01 -1.609860360622406006e-01
8.070000410079956055e-01 -1.271366328001022339e-01 -1.543224155902862549e-01
1.069000005722045898e+00 -2.635930180549621582e-01 1.240701004862785339e-01
1.069000005722045898e+00 -2.554925680160522461e-01 1.179108247160911560e-01
1.069000005722045898e+00 -2.554925680160522461e-01 1.261231899261474609e-01
7.900000214576721191e-01 -1.005131900310516357e-01 -1.662440299987792969e-01
9.480000734329223633e-01 -1.026569232344627380e-01 4.013390541076660156e-01
1.055999994277954102e+00 -2.683894336223602295e-01 1.063363030552864075e-01
7.960000634193420410e-01 -1.736578196287155151e-01 -1.613915413618087769e-01
1.059000015258789062e+00 -2.290285229682922363e-01 1.066383942961692810e-01
9.380000233650207520e-01 -1.939752846956253052e-01 3.772890567779541016e-01
8.040000200271606445e-01 -9.010965377092361450e-02 -1.568370014429092407e-01
1.077000021934509277e+00 -1.757938414812088013e-01 1.249985992908477783e-01
9.540000557899475098e-01 -1.322227716445922852e-01 3.855569064617156982e-01
9.540000557899475098e-01 -1.105356737971305847e-01 3.910535871982574463e-01
1.069000005722045898e+00 -2.149903029203414917e-01 1.035391837358474731e-01
9.430000185966491699e-01 -1.449895352125167847e-01 4.028444886207580566e-01
9.350000619888305664e-01 -2.146100699901580811e-01 3.814695775508880615e-01
1.069000005722045898e+00 -2.149903029203414917e-01 1.035391837358474731e-01
1.077000021934509277e+00 -2.165992110967636108e-01 1.229301393032073975e-01
8.090000152587890625e-01 -1.458425372838973999e-01 -1.515973806381225586e-01
9.350000619888305664e-01 -1.791847944259643555e-01 3.958354592323303223e-01
7.880000472068786621e-01 -1.778836548328399658e-01 -1.658231616020202637e-01
1.081000089645385742e+00 -1.600639820098876953e-01 1.088537424802780151e-01
7.880000472068786621e-01 -1.838548034429550171e-01 -1.658231616020202637e-01
9.480000734329223633e-01 -1.098404899239540100e-01 3.958769738674163818e-01
7.880000472068786621e-01 -1.719125062227249146e-01 -1.673365682363510132e-01
9.460000395774841309e-01 -1.741244345903396606e-01 3.805068731307983398e-01
7.960000634193420410e-01 -8.318127691745758057e-02 -1.537476629018783569e-01
1.069000005722045898e+00 -1.987894028425216675e-01 1.220170110464096069e-01
9.540000557899475098e-01 -1.177647039294242859e-01 3.892213702201843262e-01
7.960000634193420410e-01 -2.038166671991348267e-01 -1.583340018987655640e-01
9.430000185966491699e-01 -1.378438621759414673e-01 3.992222845554351807e-01
7.880000472068786621e-01 -1.420567631721496582e-01 -1.673365682363510132e-01
7.900000214576721191e-01 -1.783351302146911621e-01 -1.647267788648605347e-01
1.091000080108642578e+00 -1.367432028055191040e-01 1.056700199842453003e-01
1.055999994277954102e+00 -2.683894336223602295e-01 1.083644255995750427e-01
7.920000553131103516e-01 -1.547807902097702026e-01 -1.651438176631927490e-01
1.081000089645385742e+00 -1.272984445095062256e-01 1.275389939546585083e-01
9.350000619888305664e-01 -2.004399597644805908e-01 3.832653164863586426e-01
8.060000538825988770e-01 -1.208715364336967468e-01 -1.525832116603851318e-01
9.410000443458557129e-01 -1.803346425294876099e-01 3.857247829437255859e-01
8.040000200271606445e-01 -1.875879019498825073e-01 -1.522045880556106567e-01
7.920000553131103516e-01 -8.276327699422836304e-02 -1.636227220296859741e-01
8.060000538825988770e-01 -1.086564511060714722e-01 -1.541311889886856079e-01
9.190000295639038086e-01 -2.318290323019027710e-01 3.872967958450317383e-01
1.081000089645385742e+00 -1.764467507600784302e-01 1.275389939546585083e-01
7.980000376701354980e-01 -1.015310436487197876e-01 -1.602644324302673340e-01
9.350000619888305664e-01 -2.004399597644805908e-01 3.868567943572998047e-01
1.069000005722045898e+00 -2.311912178993225098e-01 1.220170110464096069e-01
8.060000538825988770e-01 -9.033381193876266479e-02 -1.510352194309234619e-01
9.540000557899475098e-01 -1.249937340617179871e-01 3.855569064617156982e-01
1.069000005722045898e+00 -2.554925680160522461e-01 1.281762868165969849e-01
9.430000185966491699e-01 -1.092611551284790039e-01 4.028444886207580566e-01
9.350000619888305664e-01 -2.146100699901580811e-01 3.814695775508880615e-01
1.077000021934509277e+00 -1.921159923076629639e-01 1.208616867661476135e-01
9.460000395774841309e-01 -1.096087545156478882e-01 4.004923403263092041e-01
9.350000619888305664e-01 -1.650146842002868652e-01 3.994269371032714844e-01
1.077000021934509277e+00 -2.165992110967636108e-01 1.249985992908477783e-01
8.000000119209289551e-01 -1.927167028188705444e-01 -1.560567170381546021e-01
7.880000472068786621e-01 -2.017682492733001709e-01 -1.673365682363510132e-01
1.091000080108642578e+00 -1.367432028055191040e-01 1.035746783018112183e-01
1.066000103950500488e+00 -2.386201471090316772e-01 1.032486185431480408e-01
9.540000557899475098e-01 -1.177647039294242859e-01 3.910535871982574463e-01
9.270000457763671875e-01 -2.338471412658691406e-01 3.799860477447509766e-01
9.380000233650207520e-01 -1.726519167423248291e-01 3.917010128498077393e-01
7.940000295639038086e-01 -1.912713348865509033e-01 -1.609860360622406006e-01
7.920000553131103516e-01 -1.667837053537368774e-01 -1.636227220296859741e-01
8.020000457763671875e-01 -1.081172078847885132e-01 -1.564468592405319214e-01
7.940000295639038086e-01 -1.130553483963012695e-01 -1.625109612941741943e-01
9.410000443458557129e-01 -1.304209828376770020e-01 4.019900858402252197e-01
9.480000734329223633e-01 -1.026569232344627380e-01 3.995183706283569336e-01
1.069000005722045898e+00 -2.149903029203414917e-01 1.014860868453979492e-01
1.091000080108642578e+00 -1.367432028055191040e-01 1.035746783018112183e-01
1.055999994277954102e+00 -2.683894336223602295e-01 1.103925481438636780e-01
7.960000634193420410e-01 -1.193718910217285156e-01 -1.613915413618087769e-01
7.920000553131103516e-01 -1.307749450206756592e-01 -1.666649132966995239e-01
1.077000021934509277e+00 -1.431495398283004761e-01 1.187932267785072327e-01
8.070000410079956055e-01 -1.515971124172210693e-01 -1.512226164340972900e-01
9.380000233650207520e-01 -1.797597110271453857e-01 3.862965404987335205e-01
1.081000089645385742e+00 -1.764467507600784302e-01 1.275389939546585083e-01
9.350000619888305664e-01 -2.146100699901580811e-01 3.778781294822692871e-01
8.000000119209289551e-01 -9.572342783212661743e-02 -1.575931757688522339e-01
8.020000457763671875e-01 -1.445806175470352173e-01 -1.564468592405319214e-01
1.069000005722045898e+00 -2.716934680938720703e-01 1.014860868453979492e-01
7.900000214576721191e-01 -8.255428075790405273e-02 -1.677612811326980591e-01
9.430000185966491699e-01 -1.092611551284790039e-01 4.028444886207580566e-01
9.410000443458557129e-01 -1.803346425294876099e-01 3.857247829437255859e-01
1.066000103950500488e+00 -1.336097717285156250e-01 1.114379465579986572e-01
8.040000200271606445e-01 -9.010965377092361450e-02 -1.552928686141967773e-01
1.074000000953674316e+00 -2.648259103298187256e-01 1.287758052349090576e-01
8.070000410079956055e-01 -1.638273596763610840e-01 -1.512226164340972900e-01
9.430000185966491699e-01 -1.449895352125167847e-01 3.956000804901123047e-01
9.460000395774841309e-01 -1.669560223817825317e-01 3.895911872386932373e-01
1.069000005722045898e+00 -2.311912178993225098e-01 1.240701004862785339e-01
7.940000295639038086e-01 -1.972879469394683838e-01 -1.609860360622406006e-01
9.300000667572021484e-01 -2.134624272584915161e-01 3.847880363464355469e-01
1.063000082969665527e+00 -2.540585696697235107e-01 1.070411875844001770e-01
9.460000395774841309e-01 -1.526192128658294678e-01 3.877743184566497803e-01
9.270000457763671875e-01 -2.127738296985626221e-01 3.871075212955474854e-01
9.510000348091125488e-01 -1.246006712317466736e-01 3.916503190994262695e-01
1.066000103950500488e+00 -2.305424213409423828e-01 1.175799369812011719e-01
